21.400 61.970
81.377 23.706
8.384 1.228
48.16 70.733
69.464 46.405
15.253 88.532
2.706 95.751
25.753 100.770
69.344 65.183
49.249 94.490
17.83 59.558
80.466 69.478
59.109 13.977
75.688 31.20
8.575 43.356
22.780 84.464
97.339 95.262
53.28 89.460
42.741 45.484
98.811 69.144
56.9 56.277
38.221 1.276
58.765 64.218
2.573 46.173
74.386 41.575
6.891 72.557
44.751 28.79
28.888 34.938
28.268 49.84
23.639 22.325
36.890 78.20
16.640 50.157
55.419 56.68
59.665 57.731
21.400 61.970
81.377 23.706
8.384 1.228
48.16 70.733
69.464 46.405
15.253 88.532
2.706 95.751
25.753 100.770
69.344 65.183
49.249 94.490
17.83 59.558
80.466 69.478
59.109 13.977
75.688 31.20
8.575 43.356
22.780 84.464
97.339 95.262
53.28 89.460
42.741 45.484
98.811 69.144
56.9 56.277
38.221 1.276
58.765 64.218
2.573 46.173
74.386 41.575
6.891 72.557
44.751 28.79
28.888 34.938
28.268 49.84
23.639 22.325
36.890 78.20
16.640 50.157
55.419 56.68
59.665 57.731
21.400 61.970
81.377 23.706
8.384 1.228
48.16 70.733
69.464 46.405
15.253 88.532
2.706 95.751
25.753 100.770
69.344 65.183
49.249 94.490
17.83 59.558
80.466 69.478
59.109 13.977
75.688 31.20
8.575 43.356
22.780 84.464
97.339 95.262
53.28 89.460
42.741 45.484
98.811 69.144
56.9 56.277
38.221 1.276
58.765 64.218
2.573 46.173
74.386 41.575
6.891 72.557
44.751 28.79
28.888 34.938
28.268 49.84
23.639 22.325
36.890 78.20
16.640 50.157
55.419 56.68
59.665 57.731

21.400 61.970
81.377 23.706
8.384 1.228
48.16 70.733
69.464 46.405
15.253 88.532
2.706 95.751
25.753 100.770
69.344 65.183
49.249 94.490
17.83 59.558
80.466 69.478
59.109 13.977
75.688 31.20
8.575 43.356
22.780 84.464
97.339 95.262
53.28 89.460
42.741 45.484
98.811 69.144
56.9 56.277
38.221 1.276
58.765 64.218
2.573 46.173
74.386 41.575
6.891 72.557
44.751 28.79
28.888 34.938
28.268 49.84
23.639 22.325
36.890 78.20
16.640 50.157
55.419 56.68
59.665 57.731
21.400 61.970
81.377 23.706
8.384 1.228
48.16 70.733
69.464 46.405
15.253 88.532
2.706 95.751
25.753 100.770
69.344 65.183
49.249 94.490
17.83 59.558
80.466 69.478
59.109 13.977
75.688 31.20
8.575 43.356
22.780 84.464
97.339 95.262
53.28 89.460
42.741 45.484
98.811 69.144
56.9 56.277
38.221 1.276
58.765 64.218
2.573 46.173
74.386 41.575
6.891 72.557
44.751 28.79
28.888 34.938
28.268 49.84
23.639 22.325
36.890 78.20
16.640 50.157
55.419 56.68
59.665 57.731
21.400 61.970
81.377 23.706
8.384 1.228
48.16 70.733
69.464 46.405
15.253 88.532
2.706 95.751
25.753 100.770
69.344 65.183
49.249 94.490
17.83 59.558
80.466 69.478
59.109 13.977
75.688 31.20
8.575 43.356
22.780 84.464
97.339 95.262
53.28 89.460
42.741 45.484
98.811 69.144
56.9 56.277
38.221 1.276
58.765 64.218
2.573 46.173
74.386 41.575
6.891 72.557
44.751 28.79
28.888 34.938
28.268 49.84
23.639 22.325
36.890 78.20
16.640 50.157
55.419 56.68
59.665 57.731


21.400 61.970
81.377 23.706
8.384 1.228
48.16 70.733
69.464 46.405
15.253 88.532
2.706 95.751
25.753 100.770
69.344 65.183
49.249 94.490
17.83 59.558
80.466 69.478
59.109 13.977
75.688 31.20
8.575 43.356
22.780 84.464
97.339 95.262
53.28 89.460
42.741 45.484
98.811 69.144
56.9 56.277
38.221 1.276
58.765 64.218
2.573 46.173
74.386 41.575
6.891 72.557
44.751 28.79
28.888 34.938
28.268 49.84
23.639 22.325
36.890 78.20
16.640 50.157
55.419 56.68
59.665 57.731
21.400 61.970
81.377 23.706
8.384 1.228
48.16 70.733
69.464 46.405
15.253 88.532
2.706 95.751
25.753 100.770
69.344 65.183
49.249 94.490
17.83 59.558
80.466 69.478
59.109 13.977
75.688 31.20
8.575 43.356
22.780 84.464
97.339 95.262
53.28 89.460
42.741 45.484
98.811 69.144
56.9 56.277
38.221 1.276
58.765 64.218
2.573 46.173
74.386 41.575
6.891 72.557
44.751 28.79
28.888 34.938
28.268 49.84
23.639 22.325
36.890 78.20
16.640 50.157
55.419 56.68
59.665 57.731
21.400 61.970
81.377 23.706
8.384 1.228
48.16 70.733
69.464 46.405
15.253 88.532
2.706 95.751
25.753 100.770
69.344 65.183
49.249 94.490
17.83 59.558
80.466 69.478
59.109 13.977
75.688 31.20
8.575 43.356
22.780 84.464
97.339 95.262
53.28 89.460
42.741 45.484
98.811 69.144
56.9 56.277
38.221 1.276
58.765 64.218
2.573 46.173
74.386 41.575
6.891 72.557
44.751 28.79
28.888 34.938
28.268 49.84
23.639 22.325
36.890 78.20
16.640 50.157
55.419 56.68
59.665 57.731


21.400 61.970
81.377 23.706
8.384 1.228
48.16 70.733
69.464 46.405
15.253 88.532
2.706 95.751
25.753 100.770
69.344 65.183
49.249 94.490
17.83 59.558
80.466 69.478
59.109 13.977
75.688 31.20
8.575 43.356
22.780 84.464
97.339 95.262
53.28 89.460
42.741 45.484
98.811 69.144
56.9 56.277
38.221 1.276
58.765 64.218
2.573 46.173
74.386 41.575
6.891 72.557
44.751 28.79
28.888 34.938
28.268 49.84
23.639 22.325
36.890 78.20
16.640 50.157
55.419 56.68
59.665 57.731
21.400 61.970
81.377 23.706
8.384 1.228
48.16 70.733
69.464 46.405
15.253 88.532
2.706 95.751
25.753 100.770
69.344 65.183
49.249 94.490
17.83 59.558
80.466 69.478
59.109 13.977
75.688 31.20
8.575 43.356
22.780 84.464
97.339 95.262
53.28 89.460
42.741 45.484
98.811 69.144
56.9 56.277
38.221 1.276
58.765 64.218
2.573 46.173
74.386 41.575
6.891 72.557
44.751 28.79
28.888 34.938
28.268 49.84
23.639 22.325
36.890 78.20
16.640 50.157
55.419 56.68
59.665 57.731
21.400 61.970
81.377 23.706
8.384 1.228
48.16 70.733
69.464 46.405
15.253 88.532
2.706 95.751
25.753 100.770
69.344 65.183
49.249 94.490
17.83 59.558
80.466 69.478
59.109 13.977
75.688 31.20
8.575 43.356
22.780 84.464
97.339 95.262
53.28 89.460
42.741 45.484
98.811 69.144
56.9 56.277
38.221 1.276
58.765 64.218
2.573 46.173
74.386 41.575
6.891 72.557
44.751 28.79
28.888 34.938
28.268 49.84
23.639 22.325
36.890 78.20
16.640 50.157
55.419 56.68
59.665 57.731


21.400 61.970
81.377 23.706
8.384 1.228
48.16 70.733
69.464 46.405
15.253 88.532
2.706 95.751
25.753 100.770
69.344 65.183
49.249 94.490
17.83 59.558
80.466 69.478
59.109 13.977
75.688 31.20
8.575 43.356
22.780 84.464
97.339 95.262
53.28 89.460
42.741 45.484
98.811 69.144
56.9 56.277
38.221 1.276
58.765 64.218
2.573 46.173
74.386 41.575
6.891 72.557
44.751 28.79
28.888 34.938
28.268 49.84
23.639 22.325
36.890 78.20
16.640 50.157
55.419 56.68
59.665 57.731
21.400 61.970
81.377 23.706
8.384 1.228
48.16 70.733
69.464 46.405
15.253 88.532
2.706 95.751
25.753 100.770
69.344 65.183
49.249 94.490
17.83 59.558
80.466 69.478
59.109 13.977
75.688 31.20
8.575 43.356
22.780 84.464
97.339 95.262
53.28 89.460
42.741 45.484
98.811 69.144
56.9 56.277
38.221 1.276
58.765 64.218
2.573 46.173
74.386 41.575
6.891 72.557
44.751 28.79
28.888 34.938
28.268 49.84
23.639 22.325
36.890 78.20
16.640 50.157
55.419 56.68
59.665 57.731
21.400 61.970
81.377 23.706
8.384 1.228
48.16 70.733
69.464 46.405
15.253 88.532
2.706 95.751
25.753 100.770
69.344 65.183
49.249 94.490
17.83 59.558
80.466 69.478
59.109 13.977
75.688 31.20
8.575 43.356
22.780 84.464
97.339 95.262
53.28 89.460
42.741 45.484
98.811 69.144
56.9 56.277
38.221 1.276
58.765 64.218
2.573 46.173
74.386 41.575
6.891 72.557
44.751 28.79
28.888 34.938
28.268 49.84
23.639 22.325
36.890 78.20
16.640 50.157
55.419 56.68
59.665 57.731


